"index","Team","Points Scored","Points Allowed","Total Points","Point Differential"
"0","Celtics","105","87","192","18"
"1","76ers","87","105","192","-18"
"2","Warriors","108","100","208","8"
"3","Thunder","100","108","208","-8"
"4","Hornets","112","113","225","-1"
"5","Bucks","113","112","225","1"
"6","Pistons","103","100","203","3"
"7","Nets","100","103","203","-3"
"8","Pacers","111","83","194","28"
"9","Grizzlies","83","111","194","-28"
"10","Magic","104","101","205","3"
"11","Heat","101","104","205","-3"
"12","Knicks","126","107","233","19"
"13","Hawks","107","126","233","-19"
"14","Raptors","116","104","220","12"
"15","Cavaliers","104","116","220","-12"
"16","Rockets","112","131","243","-19"
"17","Pelicans","131","112","243","19"
"18","Spurs","112","108","220","4"
"19","Timberwolves","108","112","220","-4"
"20","Kings","117","123","240","-6"
"21","Jazz","123","117","240","6"
"22","Clippers","98","107","205","-9"
"23","Nuggets","107","98","205","9"
"24","Suns","121","100","221","21"
"25","Mavericks","100","121","221","-21"
"26","76ers","127","108","235","19"
"27","Bulls","108","127","235","-19"
"28","Wizards","112","113","225","-1"
"29","Heat","113","112","225","1"
"30","Trail Blazers","128","119","247","9"
"31","Lakers","119","128","247","-9"
"32","Magic","88","120","208","-32"
"33","Hornets","120","88","208","32"
"34","Nets","107","105","212","2"
"35","Knicks","105","107","212","-2"
"36","Grizzlies","131","117","248","14"
"37","Hawks","117","131","248","-14"
"38","Timberwolves","131","123","254","8"
"39","Cavaliers","123","131","254","-8"
"40","Pelicans","149","129","278","20"
"41","Kings","129","149","278","-20"
"42","Raptors","113","101","214","12"
"43","Celtics","101","113","214","-12"
"44","Bucks","118","101","219","17"
"45","Pacers","101","118","219","-17"
"46","Clippers","108","92","200","16"
"47","Thunder","92","108","200","-16"
"48","Jazz","123","124","247","-1"
"49","Warriors","124","123","247","1"
"50","Pacers","132","112","244","20"
"51","Nets","112","132","244","-20"
"52","Wizards","113","117","230","-4"
"53","Raptors","117","113","230","4"
"54","Knicks","101","103","204","-2"
"55","Celtics","103","101","204","2"
"56","76ers","116","115","231","1"
"57","Magic","115","116","231","-1"
"58","Heat","112","113","225","-1"
"59","Hornets","113","112","225","1"
"60","Bulls","116","118","234","-2"
"61","Pistons","118","116","234","2"
"62","Mavericks","140","136","276","4"
"63","Timberwolves","136","140","276","-4"
"64","Nuggets","119","91","210","28"
"65","Suns","91","119","210","-28"
"66","Trail Blazers","121","108","229","13"
"67","Spurs","108","121","229","-13"
"68","Lakers","115","124","239","-9"
"69","Rockets","124","115","239","9"
"70","Cavaliers","111","133","244","-22"
"71","Hawks","133","111","244","22"
"72","Thunder","120","131","251","-11"
"73","Kings","131","120","251","11"
"74","Nuggets","100","98","198","2"
"75","Warriors","98","100","198","-2"
"76","Clippers","115","112","227","3"
"77","Rockets","112","115","227","-3"
"78","Celtics","90","93","183","-3"
"79","Magic","93","90","183","3"
"80","Raptors","127","106","233","21"
"81","Hornets","106","127","233","-21"
"82","Bucks","124","113","237","11"
"83","Knicks","113","124","237","-11"
"84","Timberwolves","101","91","192","10"
"85","Pacers","91","101","192","-10"
"86","Mavericks","115","109","224","6"
"87","Bulls","109","115","224","-6"
"88","Jazz","84","92","176","-8"
"89","Grizzlies","92","84","176","8"
"90","Trail Blazers","124","125","249","-1"
"91","Wizards","125","124","249","1"
"92","Warriors","123","103","226","20"
"93","Suns","103","123","226","-20"
"94","Lakers","142","143","285","-1"
"95","Spurs","143","142","285","1"
"96","Pistons","133","132","265","1"
"97","76ers","132","133","265","-1"
"98","Pelicans","116","109","225","7"
"99","Clippers","109","116","225","-7"
"100","Nuggets","126","112","238","14"
"101","Kings","112","126","238","-14"
"102","Hawks","111","104","215","7"
"103","Mavericks","104","111","215","-7"
"104","Cavaliers","86","102","188","-16"
"105","Nets","102","86","188","16"
"106","Heat","110","87","197","23"
"107","Knicks","87","110","197","-23"
"108","Raptors","112","105","217","7"
"109","Timberwolves","105","112","217","-7"
"110","Bulls","112","110","222","2"
"111","Hornets","110","112","222","-2"
"112","Rockets","89","100","189","-11"
"113","Jazz","100","89","189","11"
"114","Spurs","96","116","212","-20"
"115","Pacers","116","96","212","20"
"116","Bucks","123","108","231","15"
"117","76ers","108","123","231","-15"
"118","Suns","113","131","244","-18"
"119","Lakers","131","113","244","18"
"120","Kings","97","92","189","5"
"121","Grizzlies","92","97","189","-5"
"122","Warriors","144","122","266","22"
"123","Wizards","122","144","266","-22"
"124","Pistons","110","103","213","7"
"125","Cavaliers","103","110","213","-7"
"126","Magic","114","128","242","-14"
"127","Trail Blazers","128","114","242","14"
"128","Thunder","95","101","196","-6"
"129","Celtics","101","95","196","6"
"130","Lakers","121","114","235","7"
"131","Nuggets","114","121","235","-7"
"132","Hornets","135","106","241","29"
"133","Bulls","106","135","241","-29"
"134","Knicks","100","128","228","-28"
"135","Warriors","128","100","228","28"
"136","Raptors","116","107","223","9"
"137","Mavericks","107","116","223","-9"
"138","Rockets","113","133","246","-20"
"139","Clippers","133","113","246","20"
"140","Timberwolves","95","125","220","-30"
"141","Bucks","125","95","220","30"
"142","Pelicans","117","115","232","2"
"143","Nets","115","117","232","-2"
"144","Kings","116","112","228","4"
"145","Wizards","112","116","228","-4"
"146","Pistons","89","109","198","-20"
"147","Celtics","109","89","198","20"
"148","Pelicans","111","132","243","-21"
"149","Jazz","132","111","243","21"
"150","Hawks","85","97","182","-12"
"151","Bulls","97","85","182","12"
"152","Cavaliers","107","119","226","-12"
"153","Pacers","119","107","226","12"
"154","76ers","105","103","208","2"
"155","Hornets","103","105","208","-2"
"156","Heat","120","111","231","9"
"157","Trail Blazers","111","120","231","-9"
"158","Grizzlies","117","96","213","21"
"159","Suns","96","117","213","-21"
"160","Bucks","113","91","204","22"
"161","Magic","91","113","204","-22"
"162","Spurs","110","106","216","4"
"163","Lakers","106","110","216","-4"
"164","Nets","114","120","234","-6"
"165","Warriors","120","114","234","6"
"166","Mavericks","104","113","217","-9"
"167","Jazz","113","104","217","9"
"168","Thunder","117","110","227","7"
"169","Suns","110","117","227","-7"
"170","Clippers","136","104","240","32"
"171","Wizards","104","136","240","-32"
"172","Pacers","93","103","196","-10"
"173","Trail Blazers","103","93","196","10"
"174","76ers","113","92","205","21"
"175","Hawks","92","113","205","-21"
"176","Heat","113","123","236","-10"
"177","Kings","123","113","236","10"
"178","Knicks","115","96","211","19"
"179","Nets","96","115","211","-19"
"180","Bulls","124","149","273","-25"
"181","Warriors","149","124","273","25"
"182","Bucks","124","109","233","15"
"183","Raptors","109","124","233","-15"
"184","Timberwolves","124","120","244","4"
"185","Lakers","120","124","244","-4"
"186","Spurs","113","108","221","5"
"187","Mavericks","108","113","221","-5"
"188","Nuggets","116","111","227","5"
"189","Pelicans","111","116","227","-5"
"190","Hornets","125","113","238","12"
"191","Heat","113","125","238","-12"
"192","Cavaliers","136","114","250","22"
"193","Hawks","114","136","250","-22"
"194","Magic","99","107","206","-8"
"195","Kings","107","99","206","8"
"196","Celtics","108","105","213","3"
"197","Pistons","105","108","213","-3"
"198","Raptors","129","112","241","17"
"199","76ers","112","129","241","-17"
"200","Rockets","85","104","189","-19"
"201","Trail Blazers","104","85","189","19"
"202","Grizzlies","107","95","202","12"
"203","Wizards","95","107","202","-12"
"204","Thunder","128","110","238","18"
"205","Clippers","110","128","238","-18"
"206","Nets","120","119","239","1"
"207","Pistons","119","120","239","-1"
"208","Knicks","101","107","208","-6"
"209","Pacers","107","101","208","6"
"210","Bulls","107","108","215","-1"
"211","Nuggets","108","107","215","1"
"212","Timberwolves","128","125","253","3"
"213","Jazz","125","128","253","-3"
"214","Warriors","131","121","252","10"
"215","Pelicans","121","131","252","-10"
"216","Lakers","114","113","227","1"
"217","Mavericks","113","114","227","-1"
"218","Suns","90","120","210","-30"
"219","Spurs","120","90","210","30"
"220","Hornets","107","111","218","-4"
"221","Thunder","111","107","218","4"
"222","Cavaliers","91","110","201","-19"
"223","Nuggets","110","91","201","19"
"224","76ers","122","113","235","9"
"225","Clippers","113","122","235","-9"
"226","Hawks","115","146","261","-31"
"227","Kings","146","115","261","31"
"228","Celtics","117","113","230","4"
"229","Bucks","113","117","230","-4"
"230","Trail Blazers","132","119","251","13"
"231","Pelicans","119","132","251","-13"
"232","Magic","95","120","215","-25"
"233","Clippers","120","95","215","25"
"234","Nets","111","119","230","-8"
"235","Rockets","119","111","230","8"
"236","Wizards","111","134","245","-23"
"237","Thunder","134","111","245","23"
"238","Bulls","105","107","212","-2"
"239","Pacers","107","105","212","2"
"240","Mavericks","106","118","224","-12"
"241","Knicks","118","106","224","12"
"242","Jazz","100","110","210","-10"
"243","Grizzlies","110","100","210","10"
"244","Suns","98","107","205","-9"
"245","Raptors","107","98","205","9"
"246","Warriors","116","99","215","17"
"247","Timberwolves","99","116","215","-17"
"248","76ers","109","99","208","10"
"249","Pistons","99","109","208","-10"
"250","Hornets","126","94","220","32"
"251","Cavaliers","94","126","220","-32"
"252","Pacers","102","101","203","1"
"253","Celtics","101","102","203","-1"
"254","Hawks","123","118","241","5"
"255","Heat","118","123","241","-5"
"256","Bulls","88","96","184","-8"
"257","Rockets","96","88","184","8"
"258","Spurs","109","95","204","14"
"259","Pelicans","95","109","204","-14"
"260","Nuggets","103","88","191","15"
"261","Jazz","88","103","191","-15"
"262","Trail Blazers","110","114","224","-4"
"263","Lakers","114","110","224","4"
"264","Bucks","144","109","253","35"
"265","Kings","109","144","253","-35"
"266","Nets","122","97","219","25"
"267","76ers","97","122","219","-25"
"268","Wizards","108","95","203","13"
"269","Knicks","95","108","203","-13"
"270","Spurs","110","117","227","-7"
"271","Magic","117","110","227","7"
"272","Suns","102","100","202","2"
"273","Grizzlies","100","102","202","-2"
"274","Trail Blazers","111","81","192","30"
"275","Timberwolves","81","111","192","-30"
"276","Lakers","107","121","228","-14"
"277","Raptors","121","107","228","14"
"278","Pistons","115","120","235","-5"
"279","Heat","120","115","235","5"
"280","Pacers","94","98","192","-4"
"281","Rockets","98","94","192","4"
"282","Magic","102","100","202","2"
"283","Cavaliers","100","102","202","-2"
"284","Knicks","115","116","231","-1"
"285","Bulls","116","115","231","1"
"286","Thunder","122","116","238","6"
"287","Pelicans","116","122","238","-6"
"288","Nuggets","115","107","222","8"
"289","Celtics","107","115","222","-8"
"290","Jazz","111","124","235","-13"
"291","Raptors","124","111","235","13"
"292","Warriors","117","101","218","16"
"293","Grizzlies","101","117","218","-16"
"294","Clippers","120","109","229","11"
"295","Timberwolves","109","120","229","-11"
"296","Hornets","113","102","215","11"
"297","Hawks","102","113","215","-11"
"298","Mavericks","119","100","219","19"
"299","Wizards","100","119","219","-19"
"300","Suns","82","104","186","-22"
"301","Nets","104","82","186","22"
"302","Trail Blazers","118","103","221","15"
"303","Bucks","103","118","221","-15"
"304","Cavaliers","86","95","181","-9"
"305","Thunder","95","86","181","9"
"306","Magic","96","103","199","-7"
"307","Pistons","103","96","199","7"
"308","Hawks","107","112","219","-5"
"309","Knicks","112","107","219","5"
"310","Heat","95","88","183","7"
"311","Spurs","88","95","183","-7"
"312","Pacers","94","100","194","-6"
"313","76ers","100","94","194","6"
"314","Grizzlies","89","87","176","2"
"315","Nuggets","87","89","176","-2"
"316","Pelicans","107","98","205","9"
"317","Bulls","98","107","205","-9"
"318","Jazz","117","102","219","15"
"319","Mavericks","102","117","219","-15"
"320","Kings","105","114","219","-9"
"321","Raptors","114","105","219","9"
"322","Lakers","114","110","224","4"
"323","Timberwolves","110","114","224","-4"
"324","Thunder","98","80","178","18"
"325","Rockets","80","98","178","-18"
"326","Suns","109","116","225","-7"
"327","Celtics","116","109","225","7"
"328","Trail Blazers","116","105","221","11"
"329","Clippers","105","116","221","-11"
"330","Warriors","111","134","245","-23"
"331","Bucks","134","111","245","23"
"332","Magic","117","108","225","9"
"333","Wizards","108","117","225","-9"
"334","76ers","133","132","265","1"
"335","Hornets","132","133","265","-1"
"336","Hawks","109","124","233","-15"
"337","Pistons","124","109","233","15"
"338","Heat","102","110","212","-8"
"339","Pacers","110","102","212","8"
"340","Nuggets","110","112","222","-2"
"341","Nets","112","110","222","2"
"342","Jazz","123","115","238","8"
"343","Celtics","115","123","238","-8"
"344","Kings","121","110","231","11"
"345","Timberwolves","110","121","231","-11"
"346","Raptors","128","112","240","16"
"347","Knicks","112","128","240","-16"
"348","Clippers","128","126","254","2"
"349","Bucks","126","128","254","-2"
"350","Pelicans","119","99","218","20"
"351","Suns","99","119","218","-20"
"352","Heat","110","116","226","-6"
"353","Wizards","116","110","226","6"
"354","Bulls","99","98","197","1"
"355","Cavaliers","98","99","197","-1"
"356","Grizzlies","112","106","218","6"
"357","76ers","106","112","218","-6"
"358","Spurs","96","89","185","7"
"359","Rockets","89","96","185","-7"
"360","Warriors","116","100","216","16"
"361","Nets","100","116","216","-16"
"362","Mavericks","111","96","207","15"
"363","Thunder","96","111","207","-15"
"364","Kings","86","101","187","-15"
"365","Lakers","101","86","187","15"
"366","Pistons","103","113","216","-10"
"367","Hornets","113","103","216","10"
"368","Rockets","115","103","218","12"
"369","Pacers","103","115","218","-12"
"370","Knicks","89","115","204","-26"
"371","Magic","115","89","204","26"
"372","Nuggets","114","121","235","-7"
"373","Bucks","121","114","235","7"
"374","Trail Blazers","100","94","194","6"
"375","Celtics","94","100","194","-6"
"376","Lakers","107","106","213","1"
"377","Hawks","106","107","213","-1"
"378","Wizards","117","109","226","8"
"379","Magic","109","117","226","-8"
"380","Heat","114","124","238","-10"
"381","76ers","124","114","238","10"
"382","Raptors","110","126","236","-16"
"383","Pelicans","126","110","236","16"
"384","Bulls","98","103","201","-5"
"385","Mavericks","103","98","201","5"
"386","Grizzlies","88","96","184","-8"
"387","Jazz","96","88","184","8"
"388","Timberwolves","120","113","233","7"
"389","Nets","113","120","233","-7"
"390","Thunder","118","101","219","17"
"391","Suns","101","118","219","-17"
"392","Kings","104","99","203","5"
"393","Spurs","99","104","203","-5"
"394","Clippers","121","116","237","5"
"395","Warriors","116","121","237","-5"
"396","Cavaliers","113","89","202","24"
"397","Hornets","89","113","202","-24"
"398","Nuggets","99","109","208","-10"
"399","Rockets","109","99","208","10"
"400","Warriors","110","103","213","7"
"401","Hawks","103","110","213","-7"
"402","Magic","111","106","217","5"
"403","76ers","106","111","217","-5"
"404","Wizards","119","95","214","24"
"405","Cavaliers","95","119","214","-24"
"406","Celtics","111","82","193","29"
"407","Bulls","82","111","193","-29"
"408","Nets","107","120","227","-13"
"409","Heat","120","107","227","13"
"410","Raptors","104","106","210","-2"
"411","Pistons","106","104","210","2"
"412","Bucks","113","116","229","-3"
"413","Grizzlies","116","113","229","3"
"414","Timberwolves","107","100","207","7"
"415","Pelicans","100","107","207","-7"
"416","Thunder","128","103","231","25"
"417","Knicks","103","128","231","-25"
"418","Mavericks","118","68","186","50"
"419","Jazz","68","118","186","-50"
"420","Suns","116","96","212","20"
"421","Spurs","96","116","212","-20"
"422","Lakers","126","117","243","9"
"423","Trail Blazers","117","126","243","-9"
"424","Rockets","107","86","193","21"
"425","Warriors","86","107","193","-21"
"426","Nuggets","138","93","231","45"
"427","Hawks","93","138","231","-45"
"428","Clippers","116","111","227","5"
"429","Spurs","111","116","227","-5"
"430","Celtics","123","116","239","7"
"431","Raptors","116","123","239","-7"
"432","Pacers","99","91","190","8"
"433","Heat","91","99","190","-8"
"434","76ers","113","107","220","6"
"435","Jazz","107","113","220","-6"
"436","Wizards","104","115","219","-11"
"437","Nets","115","104","219","11"
"438","Grizzlies","112","104","216","8"
"439","Kings","104","112","216","-8"
"440","Timberwolves","112","96","208","16"
"441","Trail Blazers","96","112","208","-16"
"442","Pelicans","129","124","253","5"
"443","Knicks","124","129","253","-5"
"444","Bucks","123","104","227","19"
"445","Bulls","104","123","227","-19"
"446","Nets","119","127","246","-8"
"447","Clippers","127","119","246","8"
"448","Hornets","119","122","241","-3"
"449","76ers","122","119","241","3"
"450","Pacers","97","89","186","8"
"451","Hawks","89","97","186","-8"
"452","Magic","130","117","247","13"
"453","Lakers","117","130","247","-13"
"454","Pelicans","125","115","240","10"
"455","Nuggets","115","125","240","-10"
"456","Celtics","86","98","184","-12"
"457","Jazz","98","86","184","12"
"458","Bulls","83","122","205","-39"
"459","Raptors","122","83","205","39"
"460","Rockets","132","112","244","20"
"461","Kings","112","132","244","-20"
"462","Mavericks","112","109","221","3"
"463","Warriors","109","112","221","-3"
"464","Suns","100","110","210","-10"
"465","Thunder","110","100","210","10"
"466","Timberwolves","87","100","187","-13"
"467","Grizzlies","100","87","187","13"
"468","Heat","97","113","210","-16"
"469","Lakers","113","97","210","16"
"470","Magic","131","117","248","14"
"471","Knicks","117","131","248","-14"
"472","Wizards","109","119","228","-10"
"473","Trail Blazers","119","109","228","10"
"474","Spurs","104","92","196","12"
"475","Warriors","92","104","196","-12"
"476","Hornets","117","112","229","5"
"477","Celtics","112","117","229","-5"
"478","Pistons","113","102","215","11"
"479","Cavaliers","102","113","215","-11"
"480","Pacers","121","94","215","27"
"481","Jazz","94","121","215","-27"
"482","76ers","119","114","233","5"
"483","Suns","114","119","233","-5"
"484","Hawks","119","127","246","-8"
"485","Clippers","127","119","246","8"
"486","Grizzlies","98","88","186","10"
"487","Mavericks","88","98","186","-10"
"488","Bucks","104","98","202","6"
"489","Nuggets","98","104","202","-6"
"490","Pelicans","140","126","266","14"
"491","Spurs","126","140","266","-14"
"492","Kings","117","113","230","4"
"493","Thunder","113","117","230","-4"
"494","Magic","91","93","184","-2"
"495","Raptors","93","91","184","2"
"496","Wizards","125","118","243","7"
"497","Clippers","118","125","243","-7"
"498","Heat","92","104","196","-12"
"499","Nets","104","92","196","12"
"500","Knicks","114","118","232","-4"
"501","Trail Blazers","118","114","232","4"
"502","Hornets","127","109","236","18"
"503","Pacers","109","127","236","-18"
"504","76ers","121","120","241","1"
"505","Pelicans","120","121","241","-1"
"506","Hawks","108","124","232","-16"
"507","Raptors","124","108","232","16"
"508","Celtics","109","117","226","-8"
"509","Knicks","117","109","226","8"
"510","Cavaliers","105","109","214","-4"
"511","Lakers","109","105","214","4"
"512","Bulls","124","116","240","8"
"513","Suns","116","124","240","-8"
"514","Rockets","126","124","250","2"
"515","Pistons","124","126","250","-2"
"516","Bucks","143","100","243","43"
"517","Trail Blazers","100","143","243","-43"
"518","Timberwolves","101","103","204","-2"
"519","Nuggets","103","101","204","2"
"520","Mavericks","119","113","232","6"
"521","Nets","113","119","232","-6"
"522","Spurs","103","104","207","-1"
"523","Grizzlies","104","103","207","1"
"524","Jazz","110","119","229","-9"
"525","Kings","119","110","229","9"
"526","Warriors","95","123","218","-28"
"527","Thunder","123","95","218","28"
"528","Nets","102","112","214","-10"
"529","Timberwolves","112","102","214","10"
"530","Clippers","112","107","219","5"
"531","Grizzlies","107","112","219","-5"
"532","Pistons","116","111","227","5"
"533","Rockets","111","116","227","-5"
"534","Hawks","96","114","210","-18"
"535","Celtics","114","96","210","18"
"536","Knicks","114","109","223","5"
"537","Pelicans","109","114","223","-5"
"538","76ers","112","121","233","-9"
"539","Cavaliers","121","112","233","9"
"540","Raptors","125","107","232","18"
"541","Wizards","107","125","232","-18"
"542","Pacers","100","111","211","-11"
"543","Spurs","111","100","211","11"
"544","Bulls","96","103","199","-7"
"545","Heat","103","96","199","7"
"546","Thunder","109","104","213","5"
"547","Hornets","104","109","213","-5"
"548","Bucks","114","116","230","-2"
"549","Suns","116","114","230","2"
"550","Nuggets","112","87","199","25"
"551","Magic","87","112","199","-25"
"552","Warriors","125","97","222","28"
"553","Trail Blazers","97","125","222","-28"
"554","Lakers","90","83","173","7"
"555","Jazz","83","90","173","-7"
"556","Cavaliers","117","108","225","9"
"557","Rockets","108","117","225","-9"
"558","Wizards","124","114","238","10"
"559","Pelicans","114","124","238","-10"
"560","Timberwolves","111","96","207","15"
"561","Bulls","96","111","207","-15"
"562","Thunder","98","105","203","-7"
"563","Nuggets","105","98","203","7"
"564","Mavericks","113","104","217","9"
"565","Celtics","104","113","217","-9"
"566","Bucks","135","129","264","6"
"567","Spurs","129","135","264","-6"
"568","Warriors","117","116","233","1"
"569","Kings","116","117","233","-1"
"570","Lakers","104","108","212","-4"
"571","Magic","108","104","212","4"
"572","Pistons","118","107","225","11"
"573","Suns","107","118","225","-11"
"574","Hawks","124","123","247","1"
"575","Hornets","123","124","247","-1"
"576","Nets","125","127","252","-2"
"577","76ers","127","125","252","2"
"578","Raptors","125","115","240","10"
"579","Heat","115","125","240","-10"
"580","Grizzlies","98","103","201","-5"
"581","Knicks","103","98","201","5"
"582","Kings","112","133","245","-21"
"583","Jazz","133","112","245","21"
"584","Trail Blazers","100","104","204","-4"
"585","Clippers","104","100","204","4"
"586","Hornets","110","107","217","3"
"587","Bucks","107","110","217","-3"
"588","Cavaliers","95","102","197","-7"
"589","Timberwolves","102","95","197","7"
"590","Wizards","135","131","266","4"
"591","Rockets","131","135","266","-4"
"592","Bulls","107","108","215","-1"
"593","Spurs","108","107","215","1"
"594","Pelicans","107","124","231","-17"
"595","Celtics","124","107","231","17"
"596","Jazz","88","121","209","-33"
"597","Pacers","121","88","209","33"
"598","Warriors","116","110","226","6"
"599","Magic","110","116","226","-6"
"600","Pistons","115","108","223","7"
"601","Knicks","108","115","223","-7"
"602","Heat","113","115","228","-2"
"603","Hawks","115","113","228","2"
"604","Grizzlies","114","122","236","-8"
"605","Raptors","122","114","236","8"
"606","Nuggets","117","85","202","32"
"607","Lakers","85","117","202","-32"
"608","Suns","104","109","213","-5"
"609","Pacers","109","104","213","5"
"610","Hornets","108","94","202","14"
"611","Hawks","94","108","202","-14"
"612","76ers","117","91","208","26"
"613","Knicks","91","117","208","-26"
"614","Nets","91","101","192","-10"
"615","Jazz","101","91","192","10"
"616","Rockets","108","128","236","-20"
"617","Mavericks","128","108","236","20"
"618","Bucks","116","113","229","3"
"619","Bulls","113","116","229","-3"
"620","Timberwolves","128","89","217","39"
"621","Spurs","89","128","217","-39"
"622","Pelicans","125","104","229","21"
"623","Wizards","104","125","229","-21"
"624","Thunder","100","83","183","17"
"625","Cavaliers","83","100","183","-17"
"626","Trail Blazers","115","112","227","3"
"627","Magic","112","115","227","-3"
"628","Clippers","115","99","214","16"
"629","Suns","99","115","214","-16"
"630","Raptors","131","128","259","3"
"631","Warriors","128","131","259","-3"
"632","Lakers","104","96","200","8"
"633","Pacers","96","104","200","-8"
"634","Kings","121","133","254","-12"
"635","Clippers","133","121","254","12"
"636","Celtics","128","95","223","33"
"637","Cavaliers","95","128","223","-33"
"638","Hornets","111","119","230","-8"
"639","Jazz","119","111","230","8"
"640","Pistons","107","88","195","19"
"641","Bulls","88","107","195","-19"
"642","76ers","123","98","221","25"
"643","Wizards","98","123","221","-25"
"644","Nets","125","131","256","-6"
"645","Grizzlies","131","125","256","6"
"646","Heat","106","101","207","5"
"647","Pelicans","101","106","207","-5"
"648","Thunder","124","109","233","15"
"649","Hawks","109","124","233","-15"
"650","Spurs","105","136","241","-31"
"651","Rockets","136","105","241","31"
"652","Suns","85","99","184","-14"
"653","Magic","99","85","184","14"
"654","Lakers","114","103","217","11"
"655","Mavericks","103","114","217","-11"
"656","Trail Blazers","112","113","225","-1"
"657","Nuggets","113","112","225","1"
"658","Knicks","136","134","270","2"
"659","Bucks","134","136","270","-2"
"660","Pistons","111","102","213","9"
"661","Warriors","102","111","213","-9"
"662","Wizards","102","88","190","14"
"663","Nets","88","102","190","-14"
"664","Cavaliers","95","106","201","-11"
"665","Raptors","106","95","201","11"
"666","Rockets","121","105","226","16"
"667","Bulls","105","121","226","-16"
"668","Timberwolves","109","118","227","-9"
"669","Celtics","118","109","227","9"
"670","Kings","111","110","221","1"
"671","Pacers","110","111","221","-1"
"672","Lakers","120","96","216","24"
"673","Suns","96","120","216","-24"
"674","Hornets","109","119","228","-10"
"675","Pelicans","119","109","228","10"
"676","Heat","102","100","202","2"
"677","Jazz","100","102","202","-2"
"678","76ers","103","95","198","8"
"679","Grizzlies","95","103","198","-8"
"680","Mavericks","114","110","224","4"
"681","Clippers","110","114","224","-4"
"682","Spurs","131","118","249","13"
"683","Trail Blazers","118","131","249","-13"
"684","Pistons","83","110","193","-27"
"685","Thunder","110","83","193","27"
"686","Hawks","111","128","239","-17"
"687","Warriors","128","111","239","17"
"688","Nets","97","99","196","-2"
"689","Cavaliers","99","97","196","2"
"690","Knicks","107","110","217","-3"
"691","Wizards","110","107","217","3"
"692","Raptors","103","106","209","-3"
"693","Nuggets","106","103","209","3"
"694","Timberwolves","103","91","194","12"
"695","Rockets","91","103","194","-12"
"696","Pelicans","126","129","255","-3"
"697","Clippers","129","126","255","3"
"698","Pacers","96","90","186","6"
"699","Bulls","90","96","186","-6"
"700","Heat","90","105","195","-15"
"701","Magic","105","90","195","15"
"702","Mavericks","111","102","213","9"
"703","Trail Blazers","102","111","213","-9"
"704","Suns","105","122","227","-17"
"705","Kings","122","105","227","17"
"706","Jazz","139","105","244","34"
"707","Spurs","105","139","244","-34"
"708","Cavaliers","105","129","234","-24"
"709","Warriors","129","105","234","24"
"710","Magic","118","124","242","-6"
"711","Nuggets","124","118","242","6"
"712","Hawks","117","131","248","-14"
"713","Wizards","131","117","248","14"
"714","Nets","112","114","226","-2"
"715","Thunder","114","112","226","2"
"716","Raptors","113","102","215","11"
"717","76ers","102","113","215","-11"
"718","Grizzlies","96","86","182","10"
"719","Clippers","86","96","182","-10"
"720","Bucks","115","92","207","23"
"721","Pistons","92","115","207","-23"
"722","Timberwolves","121","104","225","17"
"723","Hornets","104","121","225","-17"
"724","Pelicans","132","106","238","26"
"725","Mavericks","106","132","238","-26"
"726","Lakers","121","113","234","8"
"727","Spurs","113","121","234","-8"
"728","Celtics","128","100","228","28"
"729","Knicks","100","128","228","-28"
"730","Trail Blazers","108","86","194","22"
"731","Suns","86","108","194","-22"
"732","Jazz","118","91","209","27"
"733","Rockets","91","118","209","-27"
"734","Hornets","113","107","220","6"
"735","Nuggets","107","113","220","-6"
"736","Pistons","111","117","228","-6"
"737","76ers","117","111","228","6"
"738","Magic","90","112","202","-22"
"739","Pacers","112","90","202","22"
"740","Nets","106","105","211","1"
"741","Raptors","105","106","211","-1"
"742","Cavaliers","110","129","239","-19"
"743","Kings","129","110","239","19"
"744","Bulls","114","112","226","2"
"745","Thunder","112","114","226","-2"
"746","Pelicans","103","107","210","-4"
"747","Grizzlies","107","103","210","4"
"748","Spurs","133","120","253","13"
"749","Lakers","120","133","253","-13"
"750","Suns","98","115","213","-17"
"751","Heat","115","98","213","17"
"752","Bucks","95","105","200","-10"
"753","Warriors","105","95","200","10"
"754","Mavericks","107","104","211","3"
"755","Rockets","104","107","211","-3"
"756","Pacers","107","97","204","10"
"757","Kings","97","107","204","-10"
"758","Hawks","106","98","204","8"
"759","Nuggets","98","106","204","-8"
"760","Cavaliers","116","101","217","15"
"761","Wizards","101","116","217","-15"
"762","Knicks","104","112","216","-8"
"763","Nets","112","104","216","8"
"764","Bulls","77","133","210","-56"
"765","Celtics","133","77","210","56"
"766","Grizzlies","88","111","199","-23"
"767","Lakers","111","88","199","23"
"768","Trail Blazers","113","105","218","8"
"769","Timberwolves","105","113","218","-8"
"770","Clippers","98","121","219","-23"
"771","Heat","121","98","219","23"
"772","Pistons","108","116","224","-8"
"773","Pelicans","116","108","224","8"
"774","Raptors","99","104","203","-5"
"775","Bucks","104","99","203","5"
"776","Spurs","110","97","207","13"
"777","Jazz","97","110","207","-13"
"778","Knicks","107","119","226","-12"
"779","Hornets","119","107","226","12"
"780","Pacers","109","101","210","8"
"781","Wizards","101","109","210","-8"
"782","76ers","116","102","218","14"
"783","Pistons","102","116","218","-14"
"784","Celtics","113","100","213","13"
"785","Pelicans","100","113","213","-13"
"786","Bulls","89","108","197","-19"
"787","Kings","108","89","197","19"
"788","Bucks","108","92","200","16"
"789","Cavaliers","92","108","200","-16"
"790","Thunder","122","113","235","9"
"791","Jazz","113","122","235","-9"
"792","Mavericks","101","76","177","25"
"793","Magic","76","101","177","-25"
"794","Nuggets","105","99","204","6"
"795","Grizzlies","99","105","204","-6"
"796","Suns","119","123","242","-4"
"797","Clippers","123","119","242","4"
"798","Warriors","116","108","224","8"
"799","Timberwolves","108","116","224","-8"
"800","Lakers","108","105","213","3"
"801","Heat","105","108","213","-3"
"802","Rockets","111","104","215","7"
"803","Trail Blazers","104","111","215","-7"
"804","Spurs","111","86","197","25"
"805","Suns","86","111","197","-25"
"806","Clippers","99","123","222","-24"
"807","Raptors","123","99","222","24"
"808","Hornets","108","107","215","1"
"809","Pistons","107","108","215","-1"
"810","Cavaliers","113","106","219","7"
"811","Knicks","106","113","219","-7"
"812","Pacers","113","97","210","16"
"813","Bucks","97","113","210","-16"
"814","76ers","124","127","251","-3"
"815","Nets","127","124","251","3"
"816","Wizards","125","130","255","-5"
"817","Celtics","130","125","255","5"
"818","Grizzlies","92","83","175","9"
"819","Trail Blazers","83","92","175","-9"
"820","Pelicans","118","114","232","4"
"821","Thunder","114","118","232","-4"
"822","Mavericks","114","107","221","7"
"823","Hawks","107","114","221","-7"
"824","Jazz","111","84","195","27"
"825","Heat","84","111","195","-27"
"826","Kings","141","130","271","11"
"827","Timberwolves","130","141","271","-11"
"828","Warriors","93","113","206","-20"
"829","Raptors","113","93","206","20"
"830","Rockets","126","111","237","15"
"831","Lakers","111","126","237","-15"
"832","Spurs","125","87","212","38"
"833","Clippers","87","125","212","-38"
"834","Magic","97","91","188","6"
"835","Bulls","91","97","188","-6"
"836","Suns","99","89","188","10"
"837","Mavericks","89","99","188","-10"
"838","Celtics","129","108","237","21"
"839","Hawks","108","129","237","-21"
"840","Hornets","124","126","250","-2"
"841","Knicks","126","124","250","2"
"842","Nets","125","118","243","7"
"843","Wizards","118","125","243","-7"
"844","Cavaliers","102","114","216","-12"
"845","Bucks","114","102","216","12"
"846","76ers","101","113","214","-12"
"847","Pacers","113","101","214","12"
"848","Grizzlies","97","100","197","-3"
"849","Heat","100","97","197","3"
"850","Nuggets","109","98","207","11"
"851","Thunder","98","109","207","-11"
"852","Trail Blazers","128","122","250","6"
"853","Raptors","122","128","250","-6"
"854","Kings","125","130","255","-5"
"855","Warriors","130","125","255","5"
"856","Magic","96","89","185","7"
"857","Jazz","89","96","185","-7"
"858","Hornets","100","128","228","-28"
"859","Lakers","128","100","228","28"
"860","Pistons","113","104","217","9"
"861","Celtics","104","113","217","-9"
"862","Grizzlies","97","105","202","-8"
"863","Rockets","105","97","202","8"
"864","Spurs","93","98","191","-5"
"865","Bulls","98","93","191","5"
"866","Thunder","110","104","214","6"
"867","Clippers","104","110","214","-6"
"868","Suns","107","99","206","8"
"869","Timberwolves","99","107","206","-8"
"870","Nets","144","127","271","17"
"871","Hawks","127","144","271","-17"
"872","Cavaliers","105","128","233","-23"
"873","76ers","128","105","233","23"
"874","Pacers","110","99","209","11"
"875","Knicks","99","110","209","-11"
"876","Wizards","128","110","238","18"
"877","Lakers","110","128","238","-18"
"878","Mavericks","113","120","233","-7"
"879","Kings","120","113","233","7"
"880","Pelicans","96","102","198","-6"
"881","Heat","102","96","198","6"
"882","Nuggets","95","86","181","9"
"883","Raptors","86","95","181","-9"
"884","Pistons","104","107","211","-3"
"885","Bucks","107","104","211","3"
"886","Knicks","110","128","238","-18"
"887","Suns","128","110","238","18"
"888","Rockets","102","97","199","5"
"889","Jazz","97","102","199","-5"
"890","Timberwolves","132","105","237","27"
"891","Kings","105","132","237","-27"
"892","Thunder","121","96","217","25"
"893","Bulls","96","121","217","-25"
"894","Spurs","123","96","219","27"
"895","76ers","96","123","219","-27"
"896","Warriors","110","93","203","17"
"897","Grizzlies","93","110","203","-17"
"898","Clippers","127","131","258","-4"
"899","Trail Blazers","131","127","258","4"
"900","Pacers","91","92","183","-1"
"901","Cavaliers","92","91","183","1"
"902","Hawks","118","110","228","8"
"903","Wizards","110","118","228","-8"
"904","Nets","115","110","225","5"
"905","Lakers","110","115","225","-5"
"906","Nuggets","126","118","244","8"
"907","Mavericks","118","126","244","-8"
"908","Hornets","110","99","209","11"
"909","Cavaliers","99","110","209","-11"
"910","Magic","90","129","219","-39"
"911","Spurs","129","90","219","39"
"912","76ers","131","109","240","22"
"913","Knicks","109","131","240","-22"
"914","Celtics","103","111","214","-8"
"915","Suns","111","103","214","8"
"916","Raptors","99","96","195","3"
"917","Pacers","96","99","195","-3"
"918","Bulls","93","96","189","-3"
"919","Nets","96","93","189","3"
"920","Rockets","136","118","254","18"
"921","Wizards","118","136","254","-18"
"922","Bucks","123","115","238","8"
"923","Pelicans","115","123","238","-8"
"924","Timberwolves","123","129","252","-6"
"925","Pistons","129","123","252","6"
"926","Jazz","108","103","211","5"
"927","Warriors","103","108","211","-5"
"928","Trail Blazers","99","92","191","7"
"929","Grizzlies","92","99","191","-7"
"930","Kings","113","132","245","-19"
"931","Thunder","132","113","245","19"
"932","Heat","101","99","200","2"
"933","Rockets","99","101","200","-2"
"934","Clippers","125","121","246","4"
"935","Mavericks","121","125","246","-4"
"936","Hornets","98","86","184","12"
"937","Pistons","86","98","184","-12"
"938","Raptors","126","110","236","16"
"939","Cavaliers","110","126","236","-16"
"940","Nets","106","114","220","-8"
"941","Pacers","114","106","220","8"
"942","Knicks","107","114","221","-7"
"943","Hawks","114","107","221","7"
"944","Celtics","107","120","227","-13"
"945","Bucks","120","107","227","13"
"946","Bulls","90","80","170","10"
"947","Magic","80","90","170","-10"
"948","Spurs","124","98","222","26"
"949","Timberwolves","98","124","222","-26"
"950","Trail Blazers","90","120","210","-30"
"951","Jazz","120","90","210","30"
"952","Kings","102","99","201","3"
"953","Grizzlies","99","102","201","-3"
"954","Lakers","112","104","216","8"
"955","Pelicans","104","112","216","-8"
"956","Clippers","132","111","243","21"
"957","Nuggets","111","132","243","-21"
"958","Wizards","149","146","295","3"
"959","Suns","146","149","295","-3"
"960","76ers","126","101","227","25"
"961","Raptors","101","126","227","-25"
"962","Heat","94","87","181","7"
"963","Bucks","87","94","181","-7"
"964","Rockets","108","101","209","7"
"965","Spurs","101","108","209","-7"
"966","Warriors","120","116","236","4"
"967","Mavericks","116","120","236","-4"
"968","Jazz","106","107","213","-1"
"969","Thunder","107","106","213","1"
"970","Pistons","95","98","193","-3"
"971","Hawks","98","95","193","3"
"972","Pacers","105","89","194","16"
"973","Wizards","89","105","194","-16"
"974","Celtics","119","103","222","16"
"975","Hornets","103","119","222","-16"
"976","Nets","111","103","214","8"
"977","Suns","103","111","214","-8"
"978","Cavaliers","92","112","204","-20"
"979","Bulls","112","92","204","20"
"980","Magic","91","115","206","-24"
"981","Heat","115","91","206","24"
"982","Kings","122","117","239","5"
"983","Pelicans","117","122","239","-5"
"984","Thunder","112","114","226","-2"
"985","Timberwolves","114","112","226","2"
"986","Warriors","129","127","256","2"
"987","Clippers","127","129","256","-2"
"988","Trail Blazers","121","118","239","3"
"989","Mavericks","118","121","239","-3"
"990","Lakers","99","107","206","-8"
"991","Grizzlies","107","99","206","8"
"992","Pistons","106","95","201","11"
"993","Wizards","95","106","201","-11"
"994","Magic","120","122","242","-2"
"995","Suns","122","120","242","2"
"996","Hawks","121","129","250","-8"
"997","Pacers","129","121","250","8"
"998","Nets","134","132","266","2"
"999","Hornets","132","134","266","-2"
"1000","Heat","104","106","210","-2"
"1001","Raptors","106","104","210","2"
"1002","Bulls","94","119","213","-25"
"1003","Timberwolves","119","94","213","25"
"1004","Grizzlies","95","87","182","8"
"1005","Cavaliers","87","95","182","-8"
"1006","Mavericks","122","119","241","3"
"1007","Pelicans","119","122","241","-3"
"1008","Spurs","111","103","214","8"
"1009","Nuggets","103","111","214","-8"
"1010","Clippers","127","118","245","9"
"1011","Kings","118","127","245","-9"
"1012","Rockets","127","113","240","14"
"1013","Celtics","113","127","240","-14"
"1014","Bucks","112","96","208","16"
"1015","Knicks","96","112","208","-16"
"1016","Kings","117","116","233","1"
"1017","Lakers","116","117","233","-1"
"1018","Jazz","97","114","211","-17"
"1019","76ers","114","97","211","17"
"1020","Warriors","109","110","219","-1"
"1021","Trail Blazers","110","109","219","1"
"1022","Hornets","100","87","187","13"
"1023","Nets","87","100","187","-13"
"1024","Pacers","125","88","213","37"
"1025","Pistons","88","125","213","-37"
"1026","Magic","116","87","203","29"
"1027","Raptors","87","116","203","-29"
"1028","Wizards","92","101","193","-9"
"1029","Bulls","101","92","193","9"
"1030","Heat","118","94","212","24"
"1031","Cavaliers","94","118","212","-24"
"1032","Timberwolves","120","123","243","-3"
"1033","Hawks","123","120","243","3"
"1034","Pelicans","114","112","226","2"
"1035","Mavericks","112","114","226","-2"
"1036","Nuggets","102","99","201","3"
"1037","Spurs","99","102","201","-3"
"1038","Suns","102","118","220","-16"
"1039","Thunder","118","102","220","16"
"1040","Lakers","107","118","225","-11"
"1041","Clippers","118","107","225","11"
"1042","Bucks","129","115","244","14"
"1043","Nets","115","129","244","-14"
"1044","Wizards","130","126","256","4"
"1045","Hornets","126","130","256","-4"
"1046","Pelicans","104","108","212","-4"
"1047","Rockets","108","104","212","4"
"1048","Hawks","111","108","219","3"
"1049","Cavaliers","108","111","219","-3"
"1050","Grizzlies","103","112","215","-9"
"1051","Celtics","112","103","215","9"
"1052","Jazz","129","97","226","32"
"1053","Knicks","97","129","226","-32"
"1054","Suns","118","122","240","-4"
"1055","Nuggets","122","118","240","4"
"1056","Trail Blazers","105","115","220","-10"
"1057","Warriors","115","105","220","10"
"1058","Clippers","111","122","233","-11"
"1059","Spurs","122","111","233","11"
"1060","Magic","109","107","216","2"
"1061","Pistons","107","109","216","-2"
"1062","Heat","104","113","217","-9"
"1063","Timberwolves","113","104","217","9"
"1064","Raptors","95","89","184","6"
"1065","Bulls","89","95","184","-6"
"1066","Mavericks","105","103","208","2"
"1067","Thunder","103","105","208","-2"
"1068","Trail Blazers","129","95","224","34"
"1069","76ers","95","129","224","-34"
"1070","Lakers","121","114","235","7"
"1071","Kings","114","121","235","-7"
"1072","Pacers","116","108","224","8"
"1073","Hawks","108","116","224","-8"
"1074","Hornets","125","100","225","25"
"1075","Magic","100","125","225","-25"
"1076","Rockets","113","101","214","12"
"1077","Grizzlies","101","113","214","-12"
"1078","Spurs","120","111","231","9"
"1079","Celtics","111","120","231","-9"
"1080","Pelicans","123","114","237","9"
"1081","Timberwolves","114","123","237","-9"
"1082","Thunder","122","102","224","20"
"1083","Mavericks","102","122","224","-20"
"1084","Suns","109","132","241","-23"
"1085","Warriors","132","109","241","23"
"1086","Raptors","122","116","238","6"
"1087","Jazz","116","122","238","-6"
"1088","Bucks","121","98","219","23"
"1089","Pistons","98","121","219","-23"
"1090","Nuggets","115","108","223","7"
"1091","Knicks","108","115","223","-7"
"1092","Kings","108","113","221","-5"
"1093","Trail Blazers","113","108","221","5"
"1094","Clippers","113","119","232","-6"
"1095","76ers","119","113","232","6"
"1096","Hornets","84","122","206","-38"
"1097","Mavericks","122","84","206","38"
"1098","Cavaliers","92","117","209","-25"
"1099","Heat","117","92","209","25"
"1100","Wizards","114","98","212","16"
"1101","Hawks","98","114","212","-16"
"1102","Nets","126","121","247","5"
"1103","Pelicans","121","126","247","-5"
"1104","Celtics","115","102","217","13"
"1105","Timberwolves","102","115","217","-13"
"1106","Bulls","84","112","196","-28"
"1107","Magic","112","84","196","28"
"1108","Grizzlies","94","101","195","-7"
"1109","Pistons","101","94","195","7"
"1110","Suns","127","132","259","-5"
"1111","76ers","132","127","259","5"
"1112","Lakers","100","107","207","-7"
"1113","Thunder","107","100","207","7"
"1114","Spurs","125","107","232","18"
"1115","Raptors","107","125","232","-18"
"1116","Kings","113","117","230","-4"
"1117","Nuggets","117","113","230","4"
"1118","Warriors","134","135","269","-1"
"1119","Rockets","135","134","269","1"
"1120","Cavaliers","91","117","208","-26"
"1121","Jazz","117","91","208","26"
"1122","Heat","115","109","224","6"
"1123","Wizards","109","115","224","-6"
"1124","Bulls","116","119","235","-3"
"1125","Pacers","119","116","235","3"
"1126","Grizzlies","100","109","209","-9"
"1127","Nets","109","100","209","9"
"1128","Timberwolves","120","103","223","17"
"1129","Magic","103","120","223","-17"
"1130","Celtics","114","93","207","21"
"1131","Mavericks","93","114","207","-21"
"1132","Bucks","144","112","256","32"
"1133","Hawks","112","144","256","-32"
"1134","Suns","111","121","232","-10"
"1135","Clippers","121","111","232","10"
"1136","Lakers","112","119","231","-7"
"1137","Knicks","119","112","231","7"
"1138","Trail Blazers","109","111","220","-2"
"1139","Thunder","111","109","220","2"
"1140","Nuggets","123","110","233","13"
"1141","Hornets","110","123","233","-13"
"1142","Pistons","105","110","215","-5"
"1143","Jazz","110","105","215","5"
"1144","76ers","106","100","206","6"
"1145","Mavericks","100","106","206","-6"
"1146","Cavaliers","98","133","231","-35"
"1147","Pelicans","133","98","231","35"
"1148","Bucks","116","123","239","-7"
"1149","Raptors","123","116","239","7"
"1150","Spurs","108","88","196","20"
"1151","Grizzlies","88","108","196","-20"
"1152","Trail Blazers","110","101","211","9"
"1153","Rockets","101","110","211","-9"
"1154","Kings","123","127","250","-4"
"1155","Warriors","127","123","250","4"
"1156","Bulls","100","117","217","-17"
"1157","Nets","117","100","217","17"
"1158","Timberwolves","108","86","194","22"
"1159","Lakers","86","108","194","-22"
"1160","Clippers","106","96","202","10"
"1161","Magic","96","106","202","-10"
"1162","Hawks","106","82","188","24"
"1163","Heat","82","106","188","-24"
"1164","Thunder","98","116","214","-18"
"1165","Wizards","116","98","214","18"
"1166","Raptors","121","105","226","16"
"1167","Pacers","105","121","226","-16"
"1168","Suns","113","119","232","-6"
"1169","Hornets","119","113","232","6"
"1170","Pistons","107","119","226","-12"
"1171","Spurs","119","107","226","12"
"1172","Celtics","116","95","211","21"
"1173","Nets","95","116","211","-21"
"1174","Rockets","125","113","238","12"
"1175","Nuggets","113","125","238","-12"
"1176","Bucks","114","102","216","12"
"1177","Jazz","102","114","216","-12"
"1178","Pelicans","114","95","209","19"
"1179","Grizzlies","95","114","209","-19"
"1180","Mavericks","97","107","204","-10"
"1181","Lakers","107","97","204","10"
"1182","Trail Blazers","111","101","212","10"
"1183","Knicks","101","111","212","-10"
"1184","Kings","111","95","206","16"
"1185","Magic","95","111","206","-16"
"1186","Cavaliers","115","123","238","-8"
"1187","Pacers","123","115","238","8"
"1188","76ers","132","115","247","17"
"1189","Wizards","115","132","247","-17"
"1190","Heat","99","103","202","-4"
"1191","Nuggets","103","99","202","4"
"1192","Raptors","104","101","205","3"
"1193","Hawks","101","104","205","-3"
"1194","Thunder","117","119","236","-2"
"1195","Timberwolves","119","117","236","2"
"1196","Suns","115","111","226","4"
"1197","Kings","111","115","226","-4"
"1198","Warriors","122","95","217","27"
"1199","Knicks","95","122","217","-27"
"1200","Clippers","128","109","237","19"
"1201","Hornets","109","128","237","-19"
"1202","Celtics","135","108","243","27"
"1203","Pacers","108","135","243","-27"
"1204","Wizards","123","106","229","17"
"1205","76ers","106","123","229","-17"
"1206","Nets","116","100","216","16"
"1207","Hawks","100","116","216","-16"
"1208","Rockets","109","116","225","-7"
"1209","Bucks","116","109","225","7"
"1210","Grizzlies","96","86","182","10"
"1211","Spurs","86","96","182","-10"
"1212","Pelicans","140","124","264","16"
"1213","Cavaliers","124","140","264","-16"
"1214","Mavericks","104","94","198","10"
"1215","Suns","94","104","198","-10"
"1216","Jazz","106","93","199","13"
"1217","Magic","93","106","199","-13"
"1218","Trail Blazers","124","112","236","12"
"1219","Bulls","112","124","236","-12"
"1220","Lakers","113","100","213","13"
"1221","Pistons","100","113","213","-13"
"1222","Heat","115","99","214","16"
"1223","Celtics","99","115","214","-16"
"1224","Nuggets","121","100","221","21"
"1225","Clippers","100","121","221","-21"
"1226","Spurs","154","147","301","7"
"1227","Thunder","147","154","301","-7"
"1228","Kings","112","102","214","10"
"1229","Pistons","102","112","214","-10"
"1230","76ers","121","123","244","-2"
"1231","Hawks","123","121","244","2"
"1232","Wizards","113","106","219","7"
"1233","Bucks","106","113","219","-7"
"1234","Knicks","106","121","227","-15"
"1235","Pacers","121","106","227","15"
"1236","Raptors","122","105","227","17"
"1237","Nets","105","122","227","-17"
"1238","Rockets","141","113","254","28"
"1239","Cavaliers","113","141","254","-28"
"1240","Timberwolves","115","119","234","-4"
"1241","Mavericks","119","115","234","4"
"1242","Jazz","113","95","208","18"
"1243","Lakers","95","113","208","-18"
"1244","Trail Blazers","127","96","223","31"
"1245","Hornets","96","127","223","-31"
"1246","Warriors","146","109","255","37"
"1247","Bulls","109","146","255","-37"
"1248","Clippers","104","109","213","-5"
"1249","Pistons","109","104","213","5"
"1250","Heat","112","108","220","4"
"1251","Grizzlies","108","112","220","-4"
"1252","Magic","105","103","208","2"
"1253","Celtics","103","105","208","-2"
"1254","Timberwolves","110","106","216","4"
"1255","Pelicans","106","110","216","-4"
"1256","Thunder","122","112","234","10"
"1257","Spurs","112","122","234","-10"
"1258","Suns","102","93","195","9"
"1259","Nuggets","93","102","195","-9"
"1260","Jazz","110","102","212","8"
"1261","Bulls","102","110","212","-8"
"1262","Kings","104","97","201","7"
"1263","Hornets","97","104","201","-7"
"1264","Knicks","105","108","213","-3"
"1265","76ers","108","105","213","3"
"1266","Wizards","138","140","278","-2"
"1267","Raptors","140","138","278","2"
"1268","Hawks","114","133","247","-19"
"1269","Bucks","133","114","247","19"
"1270","Magic","116","109","225","7"
"1271","Rockets","109","116","225","-7"
"1272","Mavericks","114","119","233","-5"
"1273","Warriors","119","114","233","5"
"1274","Nuggets","116","113","229","3"
"1275","Trail Blazers","113","116","229","-3"
"1276","Lakers","95","101","196","-6"
"1277","Cavaliers","101","95","196","6"
"1278","Nets","109","102","211","7"
"1279","Celtics","102","109","211","-7"
"1280","Rockets","112","94","206","18"
"1281","Grizzlies","94","112","206","-18"
"1282","Spurs","93","108","201","-15"
"1283","Hornets","108","93","201","15"
"1284","Jazz","100","94","194","6"
"1285","Pistons","94","100","194","-6"
"1286","Kings","115","107","222","8"
"1287","Trail Blazers","107","115","222","-8"
"1288","Clippers","117","121","238","-4"
"1289","Pelicans","121","117","238","4"
"1290","Pacers","131","97","228","34"
"1291","Suns","97","131","228","-34"
"1292","76ers","149","107","256","42"
"1293","Timberwolves","107","149","256","-42"
"1294","Hawks","142","126","268","16"
"1295","Thunder","126","142","268","-16"
"1296","Bucks","124","86","210","38"
"1297","Heat","86","124","210","-38"
"1298","Nuggets","111","142","253","-31"
"1299","Warriors","142","111","253","31"
"1300","Lakers","107","100","207","7"
"1301","Bulls","100","107","207","-7"
"1302","Pistons","120","115","235","5"
"1303","Magic","115","120","235","-5"
"1304","Celtics","117","108","225","9"
"1305","Raptors","108","117","225","-9"
"1306","Rockets","142","145","287","-3"
"1307","Nets","145","142","287","3"
"1308","Grizzlies","101","111","212","-10"
"1309","Bucks","111","101","212","10"
"1310","Mavericks","101","105","206","-4"
"1311","Spurs","105","101","206","4"
"1312","Trail Blazers","129","112","241","17"
"1313","Cavaliers","112","129","241","-17"
"1314","Warriors","147","140","287","7"
"1315","Pelicans","140","147","287","-7"
"1316","Clippers","109","129","238","-20"
"1317","Jazz","129","109","238","20"
"1318","Wizards","101","100","201","1"
"1319","Knicks","100","101","201","-1"
"1320","Hornets","114","95","209","19"
"1321","Kings","95","114","209","-19"
"1322","Pacers","96","120","216","-24"
"1323","76ers","120","96","216","24"
"1324","Raptors","111","109","220","2"
"1325","Suns","109","111","220","-2"
"1326","Nuggets","135","105","240","30"
"1327","Bulls","105","135","240","-30"
"1328","Thunder","128","138","266","-10"
"1329","Lakers","138","128","266","10"
"1330","Celtics","122","116","238","6"
"1331","Grizzlies","116","122","238","-6"
"1332","Pistons","98","93","191","5"
"1333","Heat","93","98","191","-5"
"1334","Magic","115","117","232","-2"
"1335","Nets","117","115","232","2"
"1336","Timberwolves","113","116","229","-3"
"1337","Spurs","116","113","229","3"
"1338","Jazz","115","99","214","16"
"1339","Cavaliers","99","115","214","-16"
"1340","Clippers","94","112","206","-18"
"1341","Warriors","112","94","206","18"
"1342","Trail Blazers","128","112","240","16"
"1343","Pelicans","112","128","240","-16"
"1344","76ers","115","117","232","-2"
"1345","Thunder","117","115","232","2"
"1346","Hornets","135","115","250","20"
"1347","Suns","115","135","250","-20"
"1348","Pistons","101","103","204","-2"
"1349","Kings","103","101","204","2"
"1350","Pacers","111","99","210","12"
"1351","Mavericks","99","111","210","-12"
"1352","Magic","108","118","226","-10"
"1353","Bucks","118","108","226","10"
"1354","Hawks","105","113","218","-8"
"1355","Celtics","113","105","218","8"
"1356","Raptors","119","90","209","29"
"1357","Grizzlies","90","119","209","-29"
"1358","Bulls","103","117","220","-14"
"1359","Heat","117","103","220","14"
"1360","Rockets","138","134","272","4"
"1361","Lakers","134","138","272","-4"
"1362","Nuggets","124","102","226","22"
"1363","Cavaliers","102","124","226","-22"
"1364","Pacers","120","95","215","25"
"1365","Hornets","95","120","215","-25"
"1366","Timberwolves","116","114","230","2"
"1367","Suns","114","116","230","-2"
"1368","Spurs","95","103","198","-8"
"1369","Clippers","103","95","198","8"
"1370","Knicks","109","127","236","-18"
"1371","Thunder","127","109","236","18"
"1372","Cavaliers","88","104","192","-16"
"1373","Bulls","104","88","192","16"
"1374","Wizards","101","87","188","14"
"1375","Pistons","87","101","188","-14"
"1376","Bucks","116","106","222","10"
"1377","Mavericks","106","116","222","-10"
"1378","Hawks","103","122","225","-19"
"1379","Magic","122","103","225","19"
"1380","Nets","123","94","217","29"
"1381","Kings","94","123","217","-29"
"1382","Grizzlies","85","105","190","-20"
"1383","Pelicans","105","85","190","20"
"1384","Celtics","107","99","206","8"
"1385","Heat","99","107","206","-8"
"1386","76ers","121","93","214","28"
"1387","Rockets","93","121","214","-28"
"1388","Jazz","104","109","213","-5"
"1389","Trail Blazers","109","104","213","5"
"1390","Lakers","111","130","241","-19"
"1391","Warriors","130","111","241","19"
"1392","Raptors","120","105","225","15"
"1393","Kings","105","120","225","-15"
"1394","Thunder","123","114","237","9"
"1395","Trail Blazers","114","123","237","-9"
"1396","Mavericks","106","98","204","8"
"1397","Clippers","98","106","204","-8"
"1398","Suns","91","118","209","-27"
"1399","Timberwolves","118","91","209","27"
"1400","Pacers","110","106","216","4"
"1401","Raptors","106","110","216","-4"
"1402","Celtics","123","103","226","20"
"1403","Cavaliers","103","123","226","-20"
"1404","Nets","114","110","224","4"
"1405","Magic","110","114","224","-4"
"1406","Heat","99","111","210","-12"
"1407","Clippers","111","99","210","12"
"1408","Knicks","110","114","224","-4"
"1409","Rockets","114","110","224","4"
"1410","76ers","122","120","242","2"
"1411","Spurs","120","122","242","-2"
"1412","Bulls","101","121","222","-20"
"1413","Hawks","121","101","222","20"
"1414","Grizzlies","107","118","225","-11"
"1415","Hornets","118","107","225","11"
"1416","Pelicans","94","98","192","-4"
"1417","Pistons","98","94","192","4"
"1418","Jazz","114","108","222","6"
"1419","Nuggets","108","114","222","-6"
"1420","Wizards","118","126","244","-8"
"1421","Warriors","126","118","244","8"
"1422","Thunder","122","116","238","6"
"1423","Pelicans","116","122","238","-6"
"1424","Suns","106","120","226","-14"
"1425","Trail Blazers","120","106","226","14"
"1426","Lakers","105","120","225","-15"
"1427","Timberwolves","120","105","225","15"
"1428","Magic","91","95","186","-4"
"1429","Wizards","95","91","186","4"
"1430","Nets","109","99","208","10"
"1431","Knicks","99","109","208","-10"
"1432","Cavaliers","94","100","194","-6"
"1433","Heat","100","94","194","6"
"1434","Bulls","101","106","207","-5"
"1435","Clippers","106","101","207","5"
"1436","Rockets","121","119","240","2"
"1437","Raptors","119","121","240","-2"
"1438","Grizzlies","96","99","195","-3"
"1439","Kings","99","96","195","3"
"1440","Mavericks","106","101","207","5"
"1441","Pistons","101","106","207","-5"
"1442","Bucks","108","99","207","9"
"1443","Hornets","99","108","207","-9"
"1444","Nuggets","132","95","227","37"
"1445","Suns","95","132","227","-37"
"1446","Jazz","106","102","208","4"
"1447","Timberwolves","102","106","208","-4"
"1448","Pelicans","114","126","240","-12"
"1449","Spurs","126","114","240","12"
"1450","Grizzlies","106","103","209","3"
"1451","Pacers","103","106","209","-3"
"1452","Celtics","111","115","226","-4"
"1453","Warriors","115","111","226","4"
"1454","Nuggets","126","110","236","16"
"1455","76ers","110","126","236","-16"
"1456","Trail Blazers","120","111","231","9"
"1457","Hawks","111","120","231","-9"
"1458","Bulls","101","104","205","-3"
"1459","Cavaliers","104","101","205","3"
"1460","Clippers","122","108","230","14"
"1461","Kings","108","122","230","-14"
"1462","Thunder","118","112","230","6"
"1463","Bucks","112","118","230","-6"
"1464","Mavericks","120","123","243","-3"
"1465","Raptors","123","120","243","3"
"1466","Rockets","103","98","201","5"
"1467","Magic","98","103","201","-5"
"1468","Timberwolves","111","125","236","-14"
"1469","Jazz","125","111","236","14"
"1470","Spurs","132","119","251","13"
"1471","Wizards","119","132","251","-13"
"1472","Knicks","97","106","203","-9"
"1473","Heat","106","97","203","9"
"1474","Lakers","116","102","218","14"
"1475","Suns","102","116","218","-14"
"1476","Hornets","101","92","193","9"
"1477","Knicks","92","101","193","-9"
"1478","Pacers","100","132","232","-32"
"1479","Warriors","132","100","232","32"
"1480","Celtics","112","104","216","8"
"1481","Nets","104","112","216","-8"
"1482","Grizzlies","92","95","187","-3"
"1483","Nuggets","95","92","187","3"
"1484","Clippers","118","123","241","-5"
"1485","Hawks","123","118","241","5"
"1486","Cavaliers","116","113","229","3"
"1487","Wizards","113","116","229","-3"
"1488","Pistons","105","115","220","-10"
"1489","Bucks","115","105","220","10"
"1490","Magic","117","126","243","-9"
"1491","Thunder","126","117","243","9"
"1492","Nets","122","117","239","5"
"1493","Bulls","117","122","239","-5"
"1494","Rockets","116","121","237","-5"
"1495","Pelicans","121","116","237","5"
"1496","Spurs","126","124","250","2"
"1497","Suns","124","126","250","-2"
"1498","Lakers","105","121","226","-16"
"1499","76ers","121","105","226","16"
"1500","Celtics","126","94","220","32"
"1501","Hornets","94","126","220","-32"
"1502","Heat","89","105","194","-16"
"1503","Bulls","105","89","194","16"
"1504","Knicks","90","114","204","-24"
"1505","Mavericks","114","90","204","24"
"1506","Wizards","107","89","196","18"
"1507","Pacers","89","107","196","-18"
"1508","Timberwolves","99","97","196","2"
"1509","Grizzlies","97","99","196","-2"
"1510","Pelicans","99","105","204","-6"
"1511","Nuggets","105","99","204","6"
"1512","Kings","135","113","248","22"
"1513","Hawks","113","135","248","-22"
"1514","Trail Blazers","132","105","237","27"
"1515","Jazz","105","132","237","-27"
"1516","Pistons","93","89","182","4"
"1517","Mavericks","89","93","182","-4"
"1518","Magic","107","100","207","7"
"1519","Pacers","100","107","207","-7"
"1520","Raptors","92","105","197","-13"
"1521","Bucks","105","92","197","13"
"1522","Spurs","117","114","231","3"
"1523","Nets","114","117","231","-3"
"1524","Warriors","104","113","217","-9"
"1525","76ers","113","104","217","9"
"1526","Clippers","120","123","243","-3"
"1527","Lakers","123","120","243","3"
"1528","Hornets","100","92","192","8"
"1529","Grizzlies","92","100","192","-8"
"1530","Knicks","99","113","212","-14"
"1531","Celtics","113","99","212","14"
"1532","Heat","102","118","220","-16"
"1533","Thunder","118","102","220","16"
"1534","Jazz","128","112","240","16"
"1535","Hawks","112","128","240","-16"
"1536","Nuggets","136","122","258","14"
"1537","Rockets","122","136","258","-14"
"1538","Pistons","101","111","212","-10"
"1539","Clippers","111","101","212","10"
"1540","Hornets","125","118","243","7"
"1541","Bulls","118","125","243","-7"
"1542","Magic","102","89","191","13"
"1543","Nets","89","102","191","-13"
"1544","Wizards","115","131","246","-16"
"1545","Bucks","131","115","246","16"
"1546","Cavaliers","98","111","209","-13"
"1547","Mavericks","111","98","209","13"
"1548","Heat","88","95","183","-7"
"1549","Pacers","95","88","183","7"
"1550","Spurs","113","108","221","5"
"1551","Pelicans","108","113","221","-5"
"1552","Warriors","115","101","216","14"
"1553","Lakers","101","115","216","-14"
"1554","Timberwolves","106","107","213","-1"
"1555","Nuggets","107","106","213","1"
"1556","Suns","112","118","230","-6"
"1557","Hawks","118","112","230","6"
"1558","Jazz","98","125","223","-27"
"1559","Rockets","125","98","223","27"
"1560","Kings","115","108","223","7"
"1561","76ers","108","115","223","-7"
"1562","Knicks","84","96","180","-12"
"1563","Grizzlies","96","84","180","12"
"1564","Celtics","134","129","263","5"
"1565","Thunder","129","134","263","-5"
"1566","Raptors","121","103","224","18"
"1567","Clippers","103","121","224","-18"
"1568","Pistons","129","103","232","26"
"1569","Nuggets","103","129","232","-26"
"1570","Wizards","129","137","266","-8"
"1571","Hawks","137","129","266","8"
"1572","Nets","94","113","207","-19"
"1573","Bucks","113","94","207","19"
"1574","Pelicans","107","109","216","-2"
"1575","Pacers","109","107","216","2"
"1576","Suns","110","118","228","-8"
"1577","Rockets","118","110","228","8"
"1578","Kings","127","112","239","15"
"1579","Spurs","112","127","239","-15"
"1580","Hornets","115","117","232","-2"
"1581","Clippers","117","115","232","2"
"1582","Cavaliers","96","103","199","-7"
"1583","Celtics","103","96","199","7"
"1584","Pacers","136","94","230","42"
"1585","Lakers","94","136","230","-42"
"1586","Knicks","92","105","197","-13"
"1587","Pistons","105","92","197","13"
"1588","76ers","107","119","226","-12"
"1589","Raptors","119","107","226","12"
"1590","Grizzlies","108","106","214","2"
"1591","Timberwolves","106","108","214","-2"
"1592","Thunder","132","122","254","10"
"1593","Magic","122","132","254","-10"
"1594","Trail Blazers","108","118","226","-10"
"1595","Heat","118","108","226","10"
"1596","Nets","135","130","265","5"
"1597","Nuggets","130","135","265","-5"
"1598","Bulls","120","125","245","-5"
"1599","Pelicans","125","120","245","5"
"1600","Bucks","148","129","277","19"
"1601","Wizards","129","148","277","-19"
"1602","Mavericks","99","93","192","6"
"1603","Hornets","93","99","192","-6"
"1604","Jazz","116","88","204","28"
"1605","Suns","88","116","204","-28"
"1606","Kings","101","127","228","-26"
"1607","Rockets","127","101","228","26"
"1608","Warriors","141","102","243","39"
"1609","Spurs","102","141","243","-39"
"1610","Pacers","116","92","208","24"
"1611","Clippers","92","116","208","-24"
"1612","Magic","122","112","234","10"
"1613","Timberwolves","112","122","234","-10"
"1614","Hawks","101","119","220","-18"
"1615","Raptors","119","101","220","18"
"1616","Celtics","128","129","257","-1"
"1617","Lakers","129","128","257","1"
"1618","Thunder","117","95","212","22"
"1619","Grizzlies","95","117","212","-22"
"1620","Trail Blazers","127","118","245","9"
"1621","Spurs","118","127","245","-9"
"1622","Pistons","120","103","223","17"
"1623","Knicks","103","120","223","-17"
"1624","76ers","117","110","227","7"
"1625","Nuggets","110","117","227","-7"
"1626","Wizards","119","106","225","13"
"1627","Cavaliers","106","119","225","-13"
"1628","Nets","106","125","231","-19"
"1629","Bulls","125","106","231","19"
"1630","Mavericks","107","122","229","-15"
"1631","Bucks","122","107","229","15"
"1632","Suns","107","117","224","-10"
"1633","Warriors","117","107","224","10"
"1634","Pelicans","122","117","239","5"
"1635","Timberwolves","117","122","239","-5"
"1636","Kings","102","96","198","6"
"1637","Heat","96","102","198","-6"
"1638","Jazz","125","105","230","20"
"1639","Spurs","105","125","230","-20"
"1640","Pacers","105","90","195","15"
"1641","Cavaliers","90","105","195","-15"
"1642","Hawks","120","129","249","-9"
"1643","Hornets","129","120","249","9"
"1644","Knicks","99","104","203","-5"
"1645","Raptors","104","99","203","5"
"1646","Celtics","112","123","235","-11"
"1647","Clippers","123","112","235","11"
"1648","Bulls","125","134","259","-9"
"1649","Wizards","134","125","259","9"
"1650","Grizzlies","99","90","189","9"
"1651","Pelicans","90","99","189","-9"
"1652","Rockets","112","117","229","-5"
"1653","Thunder","117","112","229","5"
"1654","Bucks","83","103","186","-20"
"1655","Magic","103","83","186","20"
"1656","Mavericks","102","101","203","1"
"1657","Trail Blazers","101","102","203","-1"
"1658","76ers","143","120","263","23"
"1659","Lakers","120","143","263","-23"
"1660","Kings","117","104","221","13"
"1661","Suns","104","117","221","-13"
"1662","Hawks","108","124","232","-16"
"1663","Magic","124","108","232","16"
"1664","Warriors","120","118","238","2"
"1665","Heat","118","120","238","-2"
"1666","Cavaliers","107","104","211","3"
"1667","Knicks","104","107","211","-3"
"1668","Pistons","121","112","233","9"
"1669","Wizards","112","121","233","-9"
"1670","Pacers","99","90","189","9"
"1671","Hornets","90","99","189","-9"
"1672","Raptors","127","125","252","2"
"1673","Nets","125","127","252","-2"
"1674","Bulls","99","112","211","-13"
"1675","Bucks","112","99","211","13"
"1676","Rockets","120","104","224","16"
"1677","Mavericks","104","120","224","-16"
"1678","Timberwolves","130","120","250","10"
"1679","Clippers","120","130","250","-10"
"1680","Thunder","120","111","231","9"
"1681","Trail Blazers","111","120","231","-9"
"1682","Nuggets","103","87","190","16"
"1683","Heat","87","103","190","-16"
"1684","Hawks","117","113","230","4"
"1685","Lakers","113","117","230","-4"
"1686","76ers","109","112","221","-3"
"1687","Celtics","112","109","221","3"
"1688","Grizzlies","107","108","215","-1"
"1689","Spurs","108","107","215","1"
"1690","Pelicans","88","118","206","-30"
"1691","Magic","118","88","206","30"
"1692","Warriors","115","108","223","7"
"1693","Jazz","108","115","223","-7"
"1694","Cavaliers","139","148","287","-9"
"1695","Nets","148","139","287","9"
"1696","Pacers","97","106","203","-9"
"1697","Bucks","106","97","203","9"
"1698","Celtics","118","110","228","8"
"1699","Pistons","110","118","228","-8"
"1700","Knicks","111","126","237","-15"
"1701","76ers","126","111","237","15"
"1702","Raptors","129","120","249","9"
"1703","Wizards","120","129","249","-9"
"1704","Bulls","122","110","232","12"
"1705","Grizzlies","110","122","232","-12"
"1706","Timberwolves","121","111","232","10"
"1707","Rockets","111","121","232","-10"
"1708","Mavericks","101","112","213","-11"
"1709","Heat","112","101","213","11"
"1710","Nuggets","120","118","238","2"
"1711","Kings","118","120","238","-2"
"1712","Trail Blazers","129","107","236","22"
"1713","Warriors","107","129","236","-22"
"1714","Clippers","134","107","241","27"
"1715","Suns","107","134","241","-27"
"1716","Magic","127","89","216","38"
"1717","Hornets","89","127","216","-38"
"1718","Hawks","91","106","197","-15"
"1719","Knicks","106","91","197","15"
"1720","Pelicans","131","122","253","9"
"1721","Thunder","122","131","253","-9"
